Name:  Left_Cerebral_Cortex
Label: 3
    count: 283108
    min: 27
    max: 185
    median: 1638.38
    mean: 82.029
    sigma: 9.80243
    variance: 96.0877
    sum: 2.32231e+07
    region: index(125, 56, 24) size(66, 115, 182)
    bounding box: (125, 190) (56, 170) (24, 205) 
