Name:  Left_Cerebral_White_Matter
Label: 2
    count: 229657
    min: 33
    max: 173
    median: 127.998
    mean: 106.549
    sigma: 5.59396
    variance: 31.2924
    sum: 2.44697e+07
    region: index(125, 60, 26) size(63, 106, 179)
    bounding box: (125, 187) (60, 165) (26, 204) 
