Name:  Left_Cerebral_Cortex
Label: 3
    count: 283518
    min: 27
    max: 185
    median: 1638.38
    mean: 81.9955
    sigma: 9.83724
    variance: 96.7713
    sum: 2.32472e+07
    region: index(125, 56, 24) size(66, 115, 182)
    bounding box: (125, 190) (56, 170) (24, 205) 
